100 300
0 21
0 54
0 8
0 27
0 45
1 38
1 60
2 96
2 1
2 97
2 21
3 50
3 21
3 78
5 32
5 83
5 75
6 18
6 56
6 76
6 13
6 61
7 92
8 18
8 67
8 85
8 21
8 74
8 59
9 19
9 84
9 21
9 10
10 17
10 68
10 86
11 96
11 82
12 3
12 23
12 56
12 76
13 60
14 36
15 18
15 35
15 87
15 23
16 38
17 48
18 51
18 84
18 69
18 55
18 43
18 92
19 99
19 87
19 73
19 42
19 46
20 58
21 51
21 55
22 38
22 55
22 45
22 47
23 49
23 35
23 3
23 54
23 74
24 1
25 36
25 38
26 82
26 37
26 74
26 29
27 67
27 45
27 29
28 51
28 20
28 37
28 40
28 93
28 14
29 80
29 5
29 22
30 56
30 77
31 67
31 57
31 89
31 90
31 91
31 12
32 22
32 54
32 87
32 13
32 79
33 83
34 48
34 72
34 91
34 15
35 97
35 50
35 85
35 86
35 40
35 90
36 87
37 17
37 81
37 53
38 16
38 8
38 45
38 46
38 31
39 18
39 73
39 44
40 2
40 73
40 57
41 84
41 42
42 38
42 88
43 4
44 51
44 83
45 80
45 64
45 13
47 67
47 19
48 88
50 48
50 2
50 51
50 20
50 4
50 72
50 41
51 99
51 4
51 24
51 58
52 97
52 11
53 33
53 54
53 42
53 14
54 51
54 54
54 26
54 95
55 54
55 43
55 61
56 66
56 38
56 46
56 63
57 79
58 89
58 9
58 28
60 16
60 36
60 58
61 80
61 84
61 23
61 60
62 34
62 35
62 36
62 88
62 28
62 76
62 14
63 69
63 23
63 41
64 1
64 71
64 43
64 28
65 52
65 70
65 7
65 63
66 41
66 76
67 90
68 82
68 52
68 9
68 93
69 82
69 10
69 15
70 84
70 86
70 11
71 55
71 8
71 77
71 95
72 97
73 68
73 58
74 0
74 3
74 5
74 88
74 24
74 94
74 63
75 86
77 86
77 74
77 10
78 32
78 75
78 13
78 31
79 69
79 77
80 57
80 79
81 91
81 76
81 14
82 53
82 70
82 28
82 76
83 23
83 56
83 28
83 94
83 15
84 9
84 43
85 58
85 75
85 92
86 96
86 84
86 70
86 74
87 82
87 9
87 28
89 16
89 21
89 6
89 25
89 95
90 32
90 17
90 83
90 20
91 21
91 54
91 41
92 2
92 21
92 7
92 58
92 74
92 28
93 64
93 16
93 67
94 33
94 40
94 42
94 61
94 93
95 28
95 12
96 12
97 34
97 85
98 1
98 38
99 16
99 33
99 66
