100 100
0 3
0 7
1 24
1 14
3 72
4 32
4 42
5 47
8 79
12 34
13 72
15 48
15 53
15 8
17 49
18 3
18 70
19 53
20 16
20 17
20 40
20 25
21 52
21 10
22 8
24 7
25 20
27 81
30 4
31 19
31 85
31 75
32 11
33 51
35 53
36 14
37 31
38 95
39 1
42 90
42 43
43 9
48 71
48 24
49 18
50 80
50 3
50 41
51 78
53 13
55 19
55 95
57 84
59 48
61 5
67 25
68 42
69 14
69 79
70 35
71 65
73 21
73 71
74 82
74 47
75 20
76 0
76 11
76 91
77 96
79 70
80 68
80 5
81 32
81 54
81 8
81 14
84 36
85 23
85 91
85 60
85 95
86 71
87 97
87 13
88 74
88 94
90 85
90 43
91 32
91 25
95 53
95 55
96 10
97 64
97 9
97 28
98 84
98 90
99 38
