100 200
0 11
0 95
1 35
1 87
1 14
1 62
2 81
2 18
2 23
2 10
2 46
3 48
3 3
3 88
3 9
5 32
5 6
6 13
8 82
8 83
8 88
9 49
9 25
9 45
10 48
10 2
10 99
10 67
10 69
11 38
11 7
11 73
13 48
14 22
14 73
14 30
15 49
15 20
15 86
15 42
16 2
16 59
17 50
17 70
19 53
20 17
21 18
21 99
21 68
21 8
21 27
21 30
22 76
23 24
23 30
24 6
24 90
25 92
26 49
26 95
27 20
27 89
27 59
29 32
29 6
29 23
30 68
30 43
31 55
31 40
32 56
33 97
33 7
33 12
33 93
35 80
35 39
35 23
35 75
36 64
37 25
37 26
37 12
37 29
38 72
40 56
42 82
42 66
42 86
42 38
42 42
43 65
43 83
43 89
44 86
44 10
45 33
45 36
45 15
48 4
48 29
49 85
49 38
52 81
52 60
53 8
54 81
54 52
55 48
55 85
55 40
55 12
55 95
56 22
56 45
57 55
57 7
57 26
59 96
59 49
59 57
60 33
60 83
60 30
60 62
60 14
61 58
61 10
62 29
63 5
63 57
63 62
63 15
64 94
65 86
65 71
66 32
66 80
66 15
67 33
67 14
70 0
71 7
71 58
72 33
72 60
73 2
74 5
74 44
75 45
75 30
76 43
76 12
77 4
77 6
77 56
77 77
78 0
79 48
79 99
79 77
80 67
81 90
83 31
84 1
84 86
85 68
85 62
86 18
87 28
87 15
88 18
88 83
88 19
88 59
88 76
89 69
90 0
90 68
90 62
91 17
91 4
91 23
92 7
92 42
93 65
93 5
93 91
94 94
95 51
95 69
96 53
96 23
96 11
97 18
97 51
97 38
98 96
98 6
98 59
