100 1000
0 5
0 86
0 55
0 9
0 45
0 63
1 34
1 36
1 69
1 85
1 70
1 54
1 87
1 40
1 89
1 92
1 76
2 33
2 98
2 67
2 3
2 7
2 41
2 47
2 51
2 53
2 23
2 55
2 59
2 91
2 28
3 64
3 96
3 1
3 51
3 4
3 37
3 5
3 39
4 49
4 82
4 37
4 14
5 0
5 34
5 4
5 8
5 79
5 51
5 84
5 52
5 20
5 85
5 87
5 23
5 56
5 27
6 96
6 2
6 71
6 39
6 9
6 74
6 10
6 46
6 47
6 85
6 26
6 91
6 63
7 6
7 54
7 39
7 8
7 27
7 44
7 61
7 45
7 95
7 63
8 34
8 52
8 6
8 22
8 74
8 47
9 96
9 64
9 33
9 97
9 68
9 37
9 21
9 44
9 62
10 36
10 4
10 53
10 7
10 8
10 24
10 90
10 44
10 93
11 17
11 18
11 82
11 51
11 21
11 55
11 58
11 11
11 47
12 96
12 17
12 66
12 83
12 6
12 87
12 75
13 17
13 99
13 85
13 57
13 42
13 13
14 64
14 80
14 3
14 20
14 84
14 5
14 6
14 39
14 25
14 94
14 95
15 16
15 83
15 84
15 21
15 22
15 90
15 14
15 63
16 96
16 33
16 66
16 3
16 72
16 8
16 9
16 45
16 13
16 80
16 21
16 55
16 23
16 57
16 90
16 62
16 31
17 3
17 99
17 70
17 73
17 41
17 74
17 49
17 51
17 84
17 85
17 54
17 94
17 95
18 98
18 19
18 5
18 86
18 38
18 58
18 12
18 76
18 29
18 15
19 17
19 33
19 4
19 5
19 86
19 78
20 33
20 36
20 69
20 37
20 71
20 11
20 17
20 50
20 84
20 85
20 23
20 26
20 60
20 29
21 96
21 97
21 17
21 2
21 98
21 6
21 88
21 72
21 27
21 11
21 14
21 63
22 65
22 66
22 69
22 87
22 8
22 57
22 25
22 11
22 77
22 46
22 94
22 63
23 82
23 99
23 75
23 92
23 93
23 45
24 0
24 98
24 37
24 38
24 71
24 89
24 41
24 93
24 29
24 13
24 95
24 63
25 16
25 33
25 99
25 5
25 86
25 72
25 91
25 12
25 15
26 0
26 19
26 20
26 52
26 21
26 69
26 8
26 63
26 79
27 96
27 65
27 36
28 0
28 39
28 7
28 40
28 73
28 41
28 74
28 10
28 45
28 80
28 18
28 88
28 59
29 80
29 66
29 5
29 70
29 41
29 11
29 12
30 64
30 65
30 99
30 35
30 67
30 68
30 39
30 8
30 41
30 9
30 10
30 78
30 31
31 32
31 53
31 86
31 7
31 87
31 72
31 43
31 44
31 62
31 30
32 2
32 19
32 69
32 21
32 57
32 10
32 75
32 11
33 97
33 1
33 8
33 41
33 73
33 58
33 43
33 13
33 63
33 79
33 31
33 47
34 33
34 68
34 13
34 48
34 86
34 22
34 24
34 89
34 25
34 92
34 28
34 93
34 29
34 62
35 97
35 3
35 71
35 58
35 76
35 14
35 63
35 47
35 79
36 96
36 18
36 51
36 36
36 39
36 24
36 43
36 59
36 28
36 78
37 48
37 19
37 21
37 69
37 76
37 31
37 47
38 97
38 98
38 67
38 52
38 4
38 70
38 72
38 12
38 93
38 13
38 79
38 31
39 17
39 69
39 37
39 85
39 23
39 24
39 73
39 41
39 58
39 26
39 75
39 31
40 66
40 35
40 5
40 70
40 6
40 40
40 75
40 44
40 12
40 50
40 19
40 86
40 56
41 64
41 68
41 37
41 56
41 8
41 74
41 75
41 76
41 44
41 12
41 29
41 94
42 16
42 17
42 98
42 84
42 22
42 39
42 24
42 90
42 93
42 47
43 66
43 70
43 6
43 11
43 27
43 12
43 92
43 13
43 94
43 78
43 47
44 81
44 22
44 23
44 24
44 13
44 46
44 94
45 48
45 20
45 68
45 52
45 86
45 87
45 28
46 83
46 19
46 4
46 22
46 54
46 57
46 26
46 27
46 28
46 78
47 20
47 70
47 24
47 25
47 9
47 10
47 43
47 12
47 77
47 93
47 14
47 47
48 32
48 82
48 18
48 86
48 7
48 55
48 88
48 72
48 92
48 79
49 96
49 33
49 98
49 18
49 87
49 57
49 41
49 74
49 44
49 77
49 61
49 78
50 17
50 66
50 50
50 52
50 68
50 8
50 56
50 25
50 45
51 34
51 36
51 39
51 9
51 74
51 76
51 44
51 13
51 48
51 51
51 55
51 29
51 62
52 49
52 65
52 81
52 36
52 39
52 26
52 10
52 59
52 31
53 32
53 97
53 67
53 35
53 36
53 5
53 70
53 8
53 79
53 83
53 19
53 22
53 30
54 32
54 66
54 4
54 72
54 11
54 76
54 48
54 18
54 82
54 84
54 22
54 55
54 87
54 92
54 93
55 52
55 70
55 71
55 8
55 9
55 41
55 76
55 63
56 99
56 9
56 10
56 91
56 43
56 60
56 76
56 47
56 95
57 16
57 49
57 18
57 36
57 39
57 42
57 11
57 12
57 45
57 78
57 46
57 15
58 80
58 97
58 34
58 52
58 5
58 6
58 55
58 72
58 59
58 45
58 63
59 49
59 74
59 26
59 27
59 29
59 94
59 95
60 80
60 81
60 49
60 1
60 99
60 6
60 23
60 88
60 25
60 62
61 4
61 53
61 9
61 10
61 60
61 29
61 77
61 78
61 14
62 64
62 3
62 68
62 69
62 43
62 28
62 76
62 29
62 63
63 2
63 34
63 52
63 55
63 24
63 73
63 11
63 77
63 45
63 14
64 48
64 80
64 33
64 67
64 5
64 70
64 40
64 9
64 44
64 92
64 14
64 95
65 3
65 51
65 21
65 86
65 8
65 11
65 44
66 17
66 2
66 54
66 57
66 42
67 80
67 17
67 1
67 19
67 20
67 39
67 58
67 91
67 27
67 60
67 45
67 62
68 66
68 3
68 67
68 70
68 40
68 10
68 77
68 46
68 31
68 63
69 80
69 66
69 70
69 93
69 14
70 1
70 49
70 5
70 86
70 87
70 74
70 27
70 46
71 2
71 98
71 70
71 71
71 9
71 76
71 12
71 13
71 46
71 79
71 82
71 27
71 29
71 93
71 30
72 34
72 39
72 72
72 41
72 74
72 42
72 76
72 47
72 49
72 18
72 52
72 87
72 88
72 89
72 59
73 33
73 67
73 3
73 8
73 10
73 44
73 47
73 81
73 50
73 53
73 87
73 55
73 56
73 91
74 64
74 6
74 23
74 72
74 89
74 41
74 11
74 61
74 78
75 98
75 2
75 99
75 3
75 11
75 76
75 15
75 17
75 82
75 86
75 89
75 91
75 28
75 92
76 33
76 2
76 38
76 8
76 75
76 46
76 16
76 82
76 84
76 24
76 91
76 94
76 31
77 33
77 1
77 65
77 66
77 99
77 35
77 85
77 6
77 87
77 26
78 64
78 96
78 49
78 67
78 85
78 37
78 69
78 38
78 78
78 14
79 64
79 19
79 85
79 86
79 14
79 78
79 15
79 63
80 16
80 52
80 21
80 6
80 56
80 72
80 9
80 62
80 78
80 31
81 84
81 36
81 5
81 37
81 87
81 24
81 57
81 14
81 79
81 63
81 31
82 16
82 0
82 4
82 13
82 94
82 79
82 63
83 82
83 85
83 70
83 25
83 41
83 90
83 42
83 47
84 96
84 97
84 2
84 78
84 17
84 82
84 18
84 52
84 85
84 56
84 88
84 57
84 90
85 17
85 8
85 9
85 74
85 28
85 12
85 93
85 45
85 29
85 79
86 66
86 34
86 19
86 3
86 4
86 69
86 21
86 24
86 59
86 77
86 45
87 33
87 66
87 3
87 41
87 93
87 29
87 46
88 50
88 54
88 71
88 55
88 40
88 88
88 9
88 90
88 11
88 93
88 94
88 31
89 99
89 36
89 72
89 58
89 92
90 64
90 0
90 97
90 2
90 6
90 71
90 10
90 27
90 75
90 94
91 81
91 84
91 40
91 27
91 59
91 31
92 96
92 33
92 97
92 50
92 85
92 5
92 8
92 75
92 28
92 47
93 67
93 69
93 38
93 41
93 91
93 43
93 28
93 30
93 14
93 78
94 97
94 35
94 22
94 71
94 7
94 8
94 75
94 11
94 93
94 94
94 14
95 0
95 97
95 5
95 87
95 76
95 29
96 49
96 65
96 5
96 54
96 87
96 89
96 9
96 26
96 27
97 36
97 37
97 70
97 7
97 41
97 75
97 44
97 60
97 14
98 32
98 65
98 2
98 73
98 10
98 44
98 45
98 14
98 78
98 82
98 21
98 54
98 61
98 93
99 96
99 21
99 22
99 54
99 41
99 57
99 26
99 44
99 28
99 29
99 47
