20 150
0 0
0 16
0 2
0 3
0 8
0 9
0 11
0 13
0 15
1 16
1 1
1 3
1 4
1 5
1 12
2 1
2 18
2 5
2 6
2 7
2 8
2 9
2 11
2 13
2 14
2 15
3 16
3 0
3 1
3 3
3 4
3 8
3 11
3 14
3 15
4 16
4 1
4 2
4 19
4 4
4 14
4 15
5 17
5 2
5 3
5 7
5 9
5 10
6 17
6 2
6 3
6 4
6 7
6 8
6 9
6 13
6 15
7 16
7 3
7 4
7 12
7 13
8 16
8 17
8 19
8 4
8 7
8 8
8 11
8 14
9 16
9 18
9 2
9 3
9 6
9 7
9 8
9 9
9 12
10 16
10 17
10 1
10 2
10 4
10 8
10 9
10 14
11 16
11 17
11 6
11 10
11 11
11 14
12 18
12 3
12 4
12 5
12 8
12 9
12 11
12 14
12 15
13 17
13 2
13 5
13 6
13 7
13 11
13 13
13 14
14 17
14 19
14 3
14 4
14 6
14 8
14 13
14 15
15 17
15 10
15 12
15 14
16 17
16 18
16 4
16 7
16 9
17 1
17 2
17 18
17 4
17 6
17 9
17 10
17 11
17 13
17 14
18 1
18 2
18 19
18 3
18 5
18 15
19 17
19 19
19 3
19 5
19 7
19 11
19 13
