20 200
0 0
0 18
0 3
0 5
0 7
0 9
0 14
0 15
1 17
1 1
1 19
1 3
1 4
1 5
1 6
1 7
1 8
1 10
1 12
1 13
2 16
2 0
2 4
2 5
2 8
2 9
2 10
2 11
2 13
2 14
3 18
3 2
3 3
3 19
3 6
3 8
3 10
3 15
4 16
4 17
4 6
4 7
4 9
4 10
4 11
4 13
4 14
4 15
5 0
5 17
5 18
5 2
5 4
5 9
5 10
5 14
5 15
6 16
6 3
6 5
6 6
6 7
6 9
6 10
6 13
6 14
6 15
7 17
7 2
7 5
7 7
7 8
7 11
7 12
7 15
8 16
8 17
8 2
8 18
8 3
8 19
8 4
8 7
8 8
8 9
8 11
8 14
9 16
9 0
9 1
9 18
9 19
9 3
9 5
9 15
10 16
10 1
10 19
10 7
10 8
10 9
10 11
10 13
10 14
10 15
11 17
11 19
11 4
11 5
11 6
11 7
11 8
11 10
11 11
11 12
11 13
11 14
12 16
12 1
12 18
12 19
12 4
12 8
12 10
12 11
12 12
12 13
12 14
13 0
13 19
13 4
13 5
13 7
13 8
13 10
13 12
13 14
13 15
14 1
14 17
14 2
14 18
14 19
14 5
14 9
14 10
14 11
15 16
15 17
15 2
15 18
15 3
15 19
15 4
15 5
15 12
15 13
15 15
16 0
16 2
16 5
16 6
16 7
16 8
16 9
16 10
16 11
16 12
16 13
16 15
16 19
17 0
17 3
17 19
17 4
17 5
17 8
17 12
18 16
18 17
18 1
18 19
18 7
18 8
18 13
18 14
18 15
19 0
19 1
19 2
19 3
19 4
19 10
19 11
19 13
19 15
19 16
19 17
19 18
19 19
