21 31
1 402840 -98 401
2 715848 -99 497
3 788731 -98 468
4 31567 -96 492
5 236961 -98 458
6 570368 -100 528
7 882651 -97 447
8 612039 -99 375
9 908119 -101 455
10 171921 -97 537
11 578111 -100 499
12 434403 -96 463
13 309621 -98 456
14 703601 -97 406
15 639275 -98 423
16 699158 -98 488
17 166182 -99 529
18 806462 -95 384
19 404362 -100 454
20 826132 -100 451
21 623527 -99 479
22 843955 -100 310
23 118115 -98 350
24 475807 -95 427
25 121012 -95 496
26 506463 -100 569
27 737843 -100 471
28 665123 -95 477
29 17258 -99 447
30 467740 -98 430
31 466829 -101 521
32 291442 -98 488
33 698530 -97 450
34 179928 -101 479
35 658857 -101 504
36 940314 -98 503
37 255139 -100 454
38 220852 -99 486
39 62343 -99 405
40 642935 -101 499
